x
-1 1
1 -2.38319 2.38931
2 -1.71545 2.09785
3 -2.6455 2.87974
4 -0.714971 2.5902
5 -0.714971 2.5902
6 -3.44693 3.17416
7 -2.44304 2.94949
8 -3.55249 3.99086
9 -3.1763 2.88611
10 -2.3832 2.38939
11 -2.89503 2.91559
12 -1.71545 2.09795
13 -2.64551 2.87985
14 -3.73884 2.98589
15 -3.73884 3.01313
16 -3.73884 3.01313
17 -1.19201 1.2123
18 -1.95538 1.48979
19 -0.714951 2.59019
20 -0.714951 2.59019
21 -1.26235 1.44289
22 -1.95538 1.49371
23 -1.33204 1.44807
24 -4.68703 6.08482
25 -4.68018 4.99217
26 -5.0235 4.9091
27 -6.44715 6.08554
28 -4.99978 4.53879
29 -9.13585 8.311590000000001
30 -5.30937 7.77151
31 -5.50657 5.9566
32 -5.6206 6.26254
33 -4.41237 4.08172
34 -7.46021 7.62936
35 -4.84802 7.17212
36 -4.5396 5.60141
37 -4.6156 5.8519
38 -3.51028 3.35354
39 -7.34936 7.95285
40 -5.60186 6.00149
41 -6.44714 6.08554
42 -4.99977 4.44915
43 -9.31184 8.07194
44 -7.26905 6.66375
45 -5.68012 7.89973
46 -6.09367 4.91942
47 -5.66224 7.89794
48 -7.47631 6.79984
49 -8.29161 7.69524
50 -5.52891 5.04248
51 -4.14532 6.47178
52 -6.40518 7.19911
53 -6.59434 5.83349
54 -4.60357 4.18987
55 -3.86119 5.84424
56 -5.09923 5.53795
57 -4.86502 4.30957
58 -3.39221 3.45506
59 -5.48581 8.613250000000001
60 -13.2732 11.9021
61 -6.67349 7.77149
62 -6.5204 6.14246
63 -7.51052 6.35743
64 -9.00375 8.617940000000001
65 -4.95588 8.456329999999999
66 -11.8319 12.1956
67 -7.65397 9.192539999999999
68 -5.89798 8.26324
69 -5.61409 6.43758
70 -6.75218 6.56992
71 -6.15921 5.3623
72 -7.28368 6.7739
73 -4.20836 6.01967
74 -4.20382 7.05657
75 -9.690480000000001 9.586650000000001
76 -6.68277 9.039339999999999
77 -4.78921 6.69548
78 -4.91437 6.71946
79 -5.48866 4.92141
80 -5.12045 4.86275
81 -3.37491 5.25329
82 -4.2882 6.44158
83 -7.64205 7.64781
84 -5.33711 7.30548
85 -4.01888 5.71955
86 -3.92422 5.33894
87 -4.15401 3.77497
88 -4.15401 3.78398
89 -4.35136 4.21784
90 -2.88915 4.41411
91 -2.67006 2.85311
92 -2.7862 3.66299
93 -3.3664 2.73089
94 -2.56851 2.10632
95 -12.0214 9.11102
96 -5.52017 6.19135
97 -8.279629999999999 7.58327
98 -6.5413 5.1413
99 -10.651 9.367940000000001
100 -5.04889 6.50804
101 -7.86074 6.96011
102 -5.70648 5.4862
103 -8.67492 7.63853
104 -4.09033 6.42976
105 -6.59431 5.79718
106 -4.60711 4.21763
107 -6.45477 5.74223
108 -3.36564 5.46364
109 -4.86501 4.67735
110 -3.44827 3.49897
111 -4.40688 3.48127
112 -8.498860000000001 8.15367
113 -7.28134 6.53498
114 -3.73883 3.11518
115 -5.91246 6.2012
116 -8.416180000000001 6.66958
117 -10.0149 7.9331
118 -4.67844 6.55577
119 -7.50423 6.58558
120 -8.4742 7.41244
121 -3.93377 6.31273
122 -6.35463 5.4355
123 -6.29325 6.17703
124 -6.63467 5.18138
125 -3.03865 4.50771
126 -4.95541 3.80933
127 -5.12367 4.69699
128 -4.4374 3.49104
129 -4.4374 3.43942
130 -2.8966 2.35838
131 -2.89664 2.35842
132 -6.45551 9.401210000000001
133 -11.4312 8.67043
134 -7.55543 7.34519
135 -4.59231 4.86866
136 -6.09616 9.965249999999999
137 -5.63541 7.07213
138 -10.1992 9.14034
139 -6.86679 6.38392
140 -3.98157 4.16241
141 -11.3266 10.49
142 -4.99419 9.90727
143 -4.82246 7.23954
144 -11.6102 10.4668
145 -9.02772 7.90078
146 -9.02275 8.8423
147 -9.02796 7.90075
148 -6.23812 6.04553
149 -3.73426 3.72404
150 -9.665190000000001 9.41433
151 -6.87396 6.79455
152 -4.56148 8.436170000000001
153 -4.03343 6.80839
154 -9.7681 9.401210000000001
155 -7.60661 7.07979
156 -7.5477 7.67457
157 -7.60654 7.0798
158 -5.32627 5.35409
159 -5.4917 5.18783
160 -3.61565 3.48458
161 -7.65021 6.71906
162 -5.42261 5.90758
163 -4.11566 5.94944
164 -3.1064 4.68809
165 -7.65023 6.63162
166 -5.95426 4.64498
167 -5.64493 4.63984
168 -6.63011 5.30931
169 -5.95428 4.64498
170 -5.10307 4.4127
171 -4.62498 3.90261
172 -3.53519 3.72802
173 -5.20212 4.8414
174 -3.88954 4.1634
175 -3.08638 3.93032
176 -2.63004 3.31394
177 -2.50683 2.76562
178 -2.62999 3.31391
179 -2.8979 2.08206
180 -2.84834 2.16527
181 -6.21709 5.98764
182 -5.69742 6.37959
183 -10.0151 7.93307
184 -10.2581 7.88677
185 -5.21614 5.34504
186 -5.212 6.09507
187 -8.474080000000001 7.4124
188 -8.562469999999999 7.18221
189 -4.48533 4.9804
190 -4.64678 5.82462
191 -6.63465 5.18136
192 -6.24891 5.12703
193 -6.63464 5.08206
194 -4.02335 3.70411
195 -5.04283 4.60207
196 -4.43741 3.49101
197 -4.43741 3.4394
198 -7.19956 7.20882
199 -5.76577 4.96126
200 -9.609159999999999 8.43521
201 -3.94194 3.66328
202 -8.762460000000001 9.14846
203 -6.54112 5.14132
204 -7.933 9.397640000000001
205 -5.70683 5.48624
206 -8.380990000000001 7.75446
207 -6.78309 7.32184
208 -4.60704 4.21771
209 -6.61023 5.91011
210 -5.34129 5.75712
211 -3.4483 3.49891
212 -4.64803 4.04754
213 -3.46198 2.87961
214 -2.57387 2.22572
215 -9.05916 8.85178
216 -3.90587 6.75856
217 -13.5185 12.7919
218 -11.0703 10.1994
219 -4.80409 5.20626
220 -7.65395 9.19256
221 -3.9261 6.91932
222 -11.8569 12.7829
223 -8.93088 8.568339999999999
224 -9.475339999999999 9.836130000000001
225 -6.08953 6.20847
226 -4.27247 5.65048
227 -6.68279 9.03933
228 -3.75135 5.58803
229 -10.2291 10.3555
230 -7.47017 7.51401
231 -8.173640000000001 7.65133
232 -5.32304 5.36507
233 -3.76821 4.69722
234 -5.33704 7.3055
235 -2.97172 4.2182
236 -3.40093 5.04483
237 -7.57664 8.29914
238 -6.29872 5.78541
239 -6.22414 6.12466
240 -4.77428 3.95046
241 -3.13484 3.63095
242 -3.81864 5.26327
243 -2.13465 3.31248
244 -2.04941 2.93507
245 -1.69522 2.67918
246 -2.3884 2.49299
247 -8.897690000000001 8.084199999999999
248 -6.09373 4.91945
249 -9.534549999999999 8.581469999999999
250 -7.67525 8.551119999999999
251 -5.52902 5.04251
252 -8.08564 7.81682
253 -6.46523 7.27861
254 -4.60352 4.18982
255 -6.43461 5.85291
256 -5.23168 5.78959
257 -3.39215 3.45507
258 -4.64802 3.88721
259 -3.3687 2.90206
260 -2.56957 2.23587
261 -7.26905 6.66372
262 -7.52459 7.67437
263 -10.376 7.33135
264 -6.24513 7.0647
265 -5.40604 5.90627
266 -3.36894 5.19903
267 -11.6018 10.798
268 -11.2813 9.795400000000001
269 -9.31316 8.627079999999999
270 -9.59883 8.90888
271 -3.79542 3.65609
272 -3.37333 5.00776
273 -9.437900000000001 9.81875
274 -9.2926 9.191369999999999
275 -7.46157 7.45907
276 -3.42165 2.92863
277 -2.48023 4.45389
278 -7.66471 8.42966
279 -5.90961 6.17577
280 -4.74039 4.38554
281 -2.60675 2.5379
282 -7.59806 6.73747
283 -7.40657 7.36132
284 -6.1507 6.19423
285 -6.11977 6.97827
286 -5.22088 5.7891
287 -6.64859 6.77551
288 -3.00647 4.40025
289 -3.66446 3.31177
290 -6.32791 4.62153
291 -19.2292 23.1325
292 -18.9284 18.4499
293 -16.7723 14.0819
294 -6.19819 15.6483
295 -7.99128 12.3719
296 -12.1073 13.5353
297 -5.45209 11.0036
298 -11.6029 10.265
299 -7.27059 12.9255
300 -15.7567 19.127
301 -10.0088 24.0902
302 -5.45209 11.0036
303 0 0.978656
304 0 1.81666
305 0 2.10351
306 0 0.591923
307 0 1.097
308 0 1.28125
309 0 2.70982
310 0 2.7516
311 0 1.26565
312 0 1.60965
313 0 1.60964
314 0 1.11313
315 0 1.43291
316 0 0.73289
317 0 0.75405
318 0 0.301113
319 0 0.559595
320 0 0.65656
321 0 4.10834
322 0 4.82271
323 0 1.92922
